5 0.86015625 0.5234375 0.0453125 0.14921875
5 0.7921875 0.54296875 0.05703125 0.1234375
5 0.5390625 0.521875 0.05078125 0.1453125
5 0.33046875 0.31640625 0.05 0.14296875
5 0.303125 0.6171875 0.06328125 0.16953125
5 0.24375 0.36796875 0.05859375 0.14375
5 0.62734375 0.478125 0.0453125 0.146875
5 0.35390625 0.565625 0.05078125 0.14765625
5 0.45546875 0.4640625 0.0359375 0.15625
5 0.425 0.50390625 0.02890625 0.14921875
5 0.5046875 0.50390625 0.040625 0.16015625
5 0.7453125 0.54609375 0.04140625 0.1046875
5 0.6546875 0.52265625 0.03125 0.15234375
5 0.60625 0.590625 0.040625 0.1546875
5 0.71796875 0.540625 0.0328125 0.10546875
5 0.33515625 0.51875 0.025 0.15703125
5 0.35 0.46796875 0.0265625 0.0984375
5 0.31015625 0.4515625 0.02890625 0.153125
5 0.6953125 0.559375 0.059375 0.096875