5 0.753125 0.90078125 0.034375 0.08046875
5 0.7140625 0.88515625 0.04453125 0.096875
5 0.75625 0.58671875 0.02109375 0.08046875
5 0.69375 0.596875 0.0234375 0.08359375
5 0.66875 0.55703125 0.0234375 0.06953125
5 0.64296875 0.49140625 0.015625 0.06171875
5 0.62890625 0.49296875 0.0171875 0.0640625
5 0.5375 0.6046875 0.0234375 0.075
5 0.55625 0.6890625 0.028125 0.0875
5 0.49765625 0.7484375 0.02578125 0.0859375
5 0.5328125 0.75234375 0.04765625 0.071875
5 0.33515625 0.5890625 0.021875 0.07578125
5 0.39765625 0.534375 0.0203125 0.0640625
5 0.375 0.52265625 0.02109375 0.0671875
5 0.353125 0.54140625 0.0203125 0.075
5 0.34296875 0.49765625 0.015625 0.05625
5 0.28515625 0.54609375 0.01796875 0.08125
5 0.3046875 0.55234375 0.01796875 0.07890625
5 0.2984375 0.50078125 0.01328125 0.02421875
5 0.32109375 0.54296875 0.02109375 0.07265625
5 0.32890625 0.4984375 0.0140625 0.02734375
2 0.07578125 0.778125 0.046875 0.05859375
3 0.33359375 0.7796875 0.04140625 0.05546875
4 0.59296875 0.78203125 0.03828125 0.05859375
3 0.85234375 0.7859375 0.0484375 0.06640625