5 0.790625 0.59375 0.0671875 0.17109375
5 0.7390625 0.50859375 0.059375 0.19296875
5 0.66015625 0.61484375 0.1 0.2453125
5 0.62421875 0.53046875 0.059375 0.16171875
5 0.51328125 0.60625 0.0625 0.17578125
5 0.50859375 0.55546875 0.0890625 0.1421875
5 0.51171875 0.359375 0.04609375 0.25625
5 0.525 0.38359375 0.078125 0.16171875
5 0.39609375 0.540625 0.0640625 0.15859375
5 0.3484375 0.6328125 0.07890625 0.28125
5 0.26015625 0.6046875 0.0625 0.17265625
5 0.27265625 0.54296875 0.0609375 0.17890625
5 0.1984375 0.4828125 0.071875 0.21328125
5 0.14375 0.603125 0.0609375 0.26875
5 0.0390625 0.8578125 0.078125 0.284375