5 0.6359375 0.6625 0.02109375 0.0765625
5 0.51640625 0.57734375 0.01875 0.07421875
5 0.4203125 0.6484375 0.01953125 0.0859375
5 0.46171875 0.51796875 0.01484375 0.06484375
5 0.41953125 0.47265625 0.01484375 0.059375
5 0.39453125 0.46953125 0.0171875 0.05703125
5 0.4078125 0.5421875 0.028125 0.0578125
5 0.40390625 0.59609375 0.0171875 0.071875
5 0.38984375 0.5921875 0.01328125 0.0734375
5 0.35 0.590625 0.021875 0.0765625
5 0.35859375 0.68046875 0.02109375 0.084375
5 0.32109375 0.66640625 0.02421875 0.09140625
5 0.2640625 0.64921875 0.02890625 0.08515625
5 0.1953125 0.65859375 0.02734375 0.08984375
5 0.2203125 0.659375 0.02109375 0.09453125
5 0.240625 0.63984375 0.021875 0.0734375
5 0.24140625 0.58203125 0.02265625 0.03828125
5 0.23828125 0.5546875 0.01171875 0.0328125
5 0.221875 0.5859375 0.021875 0.075
5 0.15 0.60546875 0.01953125 0.08828125
3 0.13359375 0.8125 0.04453125 0.06015625
4 0.40078125 0.81328125 0.03984375 0.05234375
3 0.65546875 0.809375 0.04140625 0.06015625
2 0.8953125 0.8125 0.046875 0.05078125