5 0.9015625 0.6140625 0.015625 0.05859375
5 0.43515625 0.64609375 0.01484375 0.06015625
5 0.33046875 0.75078125 0.02265625 0.06875
5 0.38359375 0.66796875 0.0203125 0.06796875
5 0.40234375 0.6296875 0.01484375 0.05625
5 0.3953125 0.596875 0.0109375 0.028125
5 0.37578125 0.64296875 0.01796875 0.04765625
5 0.3703125 0.61640625 0.01328125 0.01875
5 0.3703125 0.6015625 0.01484375 0.02109375
5 0.37109375 0.58984375 0.01328125 0.02109375
5 0.371875 0.57578125 0.015625 0.028125
5 0.34296875 0.5484375 0.01875 0.03984375
5 0.27421875 0.62109375 0.0140625 0.05546875
5 0.30859375 0.65546875 0.02421875 0.05234375
5 0.31171875 0.6078125 0.01953125 0.04140625
5 0.33046875 0.65078125 0.0171875 0.05390625
5 0.34140625 0.63671875 0.0140625 0.04296875
5 0.34921875 0.63359375 0.015625 0.03203125
5 0.32890625 0.60546875 0.0125 0.03359375
5 0.33828125 0.6109375 0.015625 0.025
5 0.1390625 0.63359375 0.01796875 0.05
5 0.39375 0.55078125 0.0140625 0.04453125
2 0.034375 0.77421875 0.0328125 0.04140625
3 0.22890625 0.76484375 0.03125 0.05078125
4 0.41171875 0.75078125 0.03125 0.04765625
3 0.57890625 0.74140625 0.0296875 0.04453125
2 0.7390625 0.73671875 0.034375 0.03828125
1 0.88984375 0.73125 0.0296875 0.03671875