5 0.6109375 0.88203125 0.04453125 0.2296875
5 0.87578125 0.91953125 0.03984375 0.16015625
5 0.6625 0.61875 0.03203125 0.18828125
5 0.60078125 0.603125 0.05546875 0.19453125
5 0.20078125 0.73515625 0.04609375 0.19609375
5 0.19375 0.609375 0.05546875 0.18515625
5 0.26875 0.6078125 0.0609375 0.19765625
5 0.43828125 0.5453125 0.04765625 0.18046875
5 0.509375 0.49921875 0.0453125 0.19609375
5 0.43828125 0.41953125 0.0375 0.1515625
5 0.5546875 0.46875 0.03671875 0.18046875
5 0.58828125 0.47109375 0.034375 0.14375
5 0.621875 0.30234375 0.03828125 0.16328125
5 0.66484375 0.31015625 0.0390625 0.16015625