5 0.40859375 0.65546875 0.01796875 0.096875
5 0.678125 0.75390625 0.03046875 0.103125
5 0.79609375 0.721875 0.03828125 0.08046875
5 0.7640625 0.67109375 0.0234375 0.07734375
5 0.72578125 0.58125 0.02265625 0.06640625
5 0.6953125 0.5609375 0.01875 0.06953125
5 0.684375 0.55078125 0.0171875 0.05234375
5 0.6671875 0.61015625 0.025 0.06015625
5 0.6453125 0.6234375 0.02890625 0.06796875
5 0.60625 0.66015625 0.0265625 0.07734375
5 0.559375 0.60546875 0.02421875 0.07890625
5 0.5140625 0.56640625 0.02421875 0.07109375
5 0.43203125 0.53828125 0.0234375 0.07109375
5 0.42890625 0.471875 0.01875 0.05859375
5 0.50546875 0.4734375 0.02421875 0.05234375
5 0.54921875 0.53359375 0.021875 0.06171875
5 0.571875 0.56875 0.0296875 0.05078125
5 0.59296875 0.54609375 0.021875 0.05546875
5 0.61953125 0.55546875 0.0203125 0.03359375
5 0.64375 0.5890625 0.021875 0.04140625
5 0.60703125 0.590625 0.0265625 0.05078125
5 0.621875 0.58046875 0.0234375 0.04609375
4 0.02421875 0.8359375 0.0484375 0.05078125
3 0.2953125 0.790625 0.04453125 0.05390625
2 0.5234375 0.7578125 0.04375 0.04609375
1 0.72578125 0.7265625 0.04453125 0.05234375
0 0.90411931875 0.6818181812499999 0.8842329546875 0.684343434375 0.9154829546875 0.7159090906250001 0.9367897734374999 0.7108585859375001 0.90411931875 0.6818181812499999