5 0.075 0.72734375 0.0625 0.2421875
5 0.24140625 0.6625 0.06171875 0.20234375
5 0.40078125 0.8203125 0.08125 0.2234375
5 0.39609375 0.6296875 0.0671875 0.18828125
5 0.22109375 0.45703125 0.0796875 0.1453125
5 0.303125 0.5390625 0.0765625 0.17109375
5 0.4140625 0.51796875 0.08359375 0.153125
5 0.53515625 0.52890625 0.09296875 0.146875
5 0.6609375 0.50703125 0.08125 0.153125
5 0.7546875 0.7234375 0.09921875 0.253125
5 0.91484375 0.56015625 0.06328125 0.2625
5 0.76015625 0.48359375 0.07734375 0.18046875
5 0.71796875 0.61953125 0.06484375 0.19609375
5 0.54375 0.61640625 0.0703125 0.21484375
5 0.5171875 0.2546875 0.06015625 0.234375
5 0.48828125 0.2125 0.0515625 0.18046875