5 0.86640625 0.74375 0.0265625 0.1015625
5 0.68828125 0.63828125 0.02109375 0.08828125
5 0.67265625 0.62265625 0.02109375 0.08203125
5 0.6796875 0.55859375 0.01875 0.07109375
5 0.6109375 0.68984375 0.025 0.09296875
5 0.56328125 0.67578125 0.02578125 0.08359375
5 0.45625 0.5921875 0.021875 0.08203125
5 0.403125 0.47890625 0.0171875 0.06640625
5 0.4421875 0.4765625 0.0171875 0.06171875
5 0.58125 0.565625 0.0375 0.04140625
5 0.56953125 0.52890625 0.0171875 0.04140625
5 0.56953125 0.57421875 0.03046875 0.05859375
5 0.5484375 0.5828125 0.01328125 0.03828125
5 0.53125 0.56796875 0.02109375 0.04921875
5 0.521875 0.540625 0.01640625 0.05390625
5 0.5421875 0.52890625 0.0109375 0.0296875
5 0.54921875 0.51953125 0.0140625 0.03828125
4 0.02421875 0.84296875 0.0484375 0.06796875
3 0.2984375 0.7953125 0.0421875 0.05390625
2 0.5265625 0.7578125 0.0421875 0.04609375
1 0.72734375 0.7265625 0.04453125 0.04296875
0 0.93963068125 0.709595959375 0.90056818125 0.6792929296875 0.8863636359375 0.684343434375 0.90056818125 0.7045454546875 0.9232954546875 0.71843434375 0.93963068125 0.709595959375