5 0.06015625 0.80078125 0.078125 0.29609375
5 0.334375 0.8125 0.0671875 0.30390625
5 0.1828125 0.646875 0.07578125 0.275
5 0.265625 0.540625 0.08125 0.18359375
5 0.3484375 0.63203125 0.0734375 0.20546875
5 0.37421875 0.5203125 0.0640625 0.16953125
5 0.503125 0.63671875 0.09453125 0.2265625
5 0.4953125 0.5375 0.090625 0.153125
5 0.6765625 0.62890625 0.06953125 0.2390625
5 0.62421875 0.51953125 0.08515625 0.15
5 0.7375 0.48046875 0.07890625 0.18671875
5 0.86796875 0.5921875 0.0609375 0.2765625
5 0.0171875 0.43671875 0.03359375 0.221875
5 0.48671875 0.2265625 0.040625 0.253125