5 0.72265625 0.7484375 0.02890625 0.1078125
5 0.6 0.67578125 0.03203125 0.09296875
5 0.4515625 0.571875 0.02578125 0.06953125
5 0.4796875 0.5640625 0.0203125 0.06328125
5 0.503125 0.51953125 0.02109375 0.06015625
5 0.44296875 0.4765625 0.02109375 0.05859375
5 0.5140625 0.44296875 0.015625 0.05859375
5 0.76875 0.54375 0.0203125 0.07890625
5 0.71875 0.5875 0.02109375 0.06328125
5 0.68828125 0.58203125 0.0265625 0.07109375
5 0.60546875 0.5546875 0.0234375 0.05703125
5 0.66796875 0.53359375 0.025 0.05234375
5 0.66328125 0.50390625 0.015625 0.03828125
5 0.64140625 0.52109375 0.01796875 0.07578125
5 0.62734375 0.51875 0.0171875 0.07421875
5 0.546875 0.54921875 0.02265625 0.06796875
5 0.575 0.5640625 0.0203125 0.06328125
5 0.56171875 0.54921875 0.01484375 0.05546875
5 0.56796875 0.515625 0.01640625 0.03125
5 0.59921875 0.51640625 0.0140625 0.04140625
5 0.590625 0.51171875 0.0125 0.03828125
4 0.146875 0.75546875 0.04453125 0.05390625
3 0.4078125 0.7515625 0.0421875 0.04921875
2 0.63515625 0.7484375 0.04375 0.04921875
1 0.84453125 0.746875 0.046875 0.04921875