5 0.35234375 0.75234375 0.07265625 0.2453125
5 0.271875 0.6109375 0.071875 0.234375
5 0.3609375 0.53046875 0.06328125 0.20859375
5 0.58359375 0.6921875 0.07265625 0.29140625
5 0.41640625 0.61953125 0.0828125 0.17734375
5 0.11796875 0.53125 0.05625 0.25625
5 0.034375 0.43515625 0.06796875 0.25
5 0.1140625 0.24765625 0.0484375 0.2421875
5 0.53359375 0.60625 0.06796875 0.16015625
5 0.67265625 0.5875 0.0890625 0.18984375
5 0.72734375 0.515625 0.06796875 0.17578125
5 0.8125 0.58359375 0.09375 0.21875
5 0.89765625 0.490625 0.05390625 0.25
5 0.5296875 0.40546875 0.0578125 0.2640625