5 0.45703125 0.559375 0.0203125 0.09375
5 0.6734375 0.73671875 0.028125 0.103125
5 0.82734375 0.75859375 0.0375 0.09140625
5 0.784375 0.54453125 0.025 0.06484375
5 0.746875 0.603125 0.0296875 0.07421875
5 0.61484375 0.5875 0.025 0.08203125
5 0.596875 0.53203125 0.02109375 0.07109375
5 0.56953125 0.49765625 0.025 0.06328125
5 0.5015625 0.4640625 0.0203125 0.06953125
5 0.540625 0.42109375 0.01875 0.04921875
5 0.62265625 0.43046875 0.02109375 0.05859375
5 0.66953125 0.56953125 0.0296875 0.08046875
5 0.6484375 0.525 0.02109375 0.05859375
5 0.62890625 0.49765625 0.025 0.05078125
5 0.615625 0.4796875 0.02421875 0.03671875
5 0.70390625 0.559375 0.02578125 0.06640625
5 0.68828125 0.5296875 0.02421875 0.03671875
5 0.66875 0.5125 0.025 0.03984375
5 0.6734375 0.4984375 0.01796875 0.03359375
5 0.65625 0.48203125 0.0171875 0.04765625
3 0.071875 0.715625 0.0421875 0.05078125
4 0.3453125 0.7296875 0.03828125 0.05859375
3 0.5953125 0.7421875 0.03984375 0.04609375