5 0.7625 0.2484375 0.06484375 0.18203125
5 0.30859375 0.24140625 0.040625 0.17421875
5 0.4359375 0.4375 0.04140625 0.19609375
5 0.88125 0.7125 0.07890625 0.2328125
5 0.7203125 0.61171875 0.05234375 0.2265625
5 0.71640625 0.53828125 0.05390625 0.21328125
5 0.63515625 0.7984375 0.0578125 0.2234375
5 0.63984375 0.615625 0.05390625 0.21640625
5 0.5484375 0.89296875 0.040625 0.2140625
5 0.5390625 0.61875 0.07265625 0.20703125
5 0.584375 0.428125 0.03125 0.16484375
5 0.56796875 0.50078125 0.04453125 0.19921875
5 0.5109375 0.55 0.04375 0.2203125
5 0.45078125 0.63125 0.06796875 0.21640625
5 0.35859375 0.65703125 0.06171875 0.21875
5 0.33125 0.56796875 0.04765625 0.21015625
5 0.2515625 0.53671875 0.0484375 0.21015625
5 0.28515625 0.7171875 0.053125 0.2328125