5 0.68828125 0.69453125 0.0328125 0.1078125
5 0.55703125 0.6328125 0.01796875 0.0984375
5 0.4734375 0.5125 0.0296875 0.07734375
5 0.5171875 0.51328125 0.02265625 0.06640625
5 0.49453125 0.4734375 0.02265625 0.05859375
5 0.5125 0.40546875 0.01796875 0.05390625
5 0.56328125 0.40078125 0.0140625 0.04765625
5 0.5953125 0.4609375 0.00703125 0.0171875
5 0.59921875 0.496875 0.02265625 0.07421875
5 0.615625 0.49609375 0.028125 0.06640625
5 0.65703125 0.53125 0.02265625 0.07109375
5 0.68515625 0.53125 0.02109375 0.07265625
5 0.7125 0.53125 0.01796875 0.06796875
5 0.76015625 0.50625 0.0203125 0.08046875
5 0.71640625 0.48828125 0.01875 0.06328125
5 0.671875 0.49453125 0.02265625 0.05390625
5 0.6796875 0.46640625 0.01875 0.03671875
5 0.62109375 0.45703125 0.01640625 0.05546875
5 0.63984375 0.46875 0.01875 0.05546875
5 0.63984375 0.44453125 0.021875 0.05234375
5 0.65546875 0.45 0.01484375 0.04453125
5 0.653125 0.48515625 0.02265625 0.03203125
5 0.6734375 0.49296875 0.02421875 0.05078125
3 0.08359375 0.696875 0.04140625 0.05390625
4 0.35625 0.715625 0.03828125 0.05390625
3 0.6078125 0.73359375 0.04140625 0.06328125
2 0.84140625 0.74921875 0.046875 0.05078125