5 0.6828125 0.44609375 0.01875 0.07421875
5 0.47265625 0.3875 0.021875 0.06953125
5 0.365625 0.40234375 0.0203125 0.0796875
5 0.8703125 0.46875 0.02109375 0.0796875
5 0.92265625 0.63046875 0.02421875 0.09765625
5 0.571875 0.38046875 0.0203125 0.07109375
5 0.9578125 0.47578125 0.02109375 0.07578125
5 0.896875 0.5421875 0.01796875 0.08515625
5 0.2640625 0.73203125 0.04375 0.109375
5 0.3 0.71875 0.040625 0.1234375
5 0.27421875 0.62890625 0.03671875 0.08203125
5 0.46875 0.31015625 0.0140625 0.07421875
5 0.4859375 0.31796875 0.015625 0.06484375
5 0.82578125 0.4828125 0.0203125 0.08359375
5 0.83828125 0.4546875 0.01640625 0.07890625
5 0.9359375 0.46875 0.0140625 0.08671875
5 0.9234375 0.45703125 0.0171875 0.07734375
5 0.89609375 0.47578125 0.0203125 0.07578125
5 0.909375 0.46171875 0.0234375 0.03671875
4 0.51171875 0.6703125 0.0390625 0.06015625
3 0.76640625 0.690625 0.0421875 0.05703125