5 0.2015625 0.7234375 0.03359375 0.15703125
5 0.24453125 0.77734375 0.03984375 0.15
5 0.303125 0.77734375 0.04609375 0.15625
5 0.37421875 0.90390625 0.0453125 0.17109375
5 0.34453125 0.81640625 0.025 0.17578125
5 0.35625 0.80703125 0.01796875 0.18828125
5 0.37734375 0.80546875 0.02890625 0.1265625
5 0.37578125 0.71015625 0.034375 0.09296875
5 0.40078125 0.78671875 0.03203125 0.16015625
5 0.45 0.8546875 0.0375 0.16953125
5 0.584375 0.825 0.03828125 0.15625
5 0.51796875 0.83125 0.04453125 0.18671875
5 0.47890625 0.79296875 0.04453125 0.16328125
5 0.4828125 0.72578125 0.03046875 0.1125
5 0.4984375 0.68984375 0.0328125 0.08046875
5 0.50703125 0.69609375 0.025 0.1328125
5 0.5203125 0.64453125 0.02890625 0.134375
5 0.5421875 0.7703125 0.03671875 0.16953125
5 0.59140625 0.7484375 0.046875 0.16015625
5 0.65078125 0.75078125 0.02109375 0.15625
5 0.6546875 0.72734375 0.03984375 0.16171875
5 0.79921875 0.77734375 0.06015625 0.15859375