5 0.334375 0.67578125 0.07578125 0.25625
5 0.11015625 0.51875 0.0609375 0.228125
5 0.04921875 0.4125 0.0671875 0.2296875
5 0.0171875 0.24375 0.034375 0.18046875
5 0.39140625 0.5375 0.07109375 0.14375
5 0.4359375 0.56796875 0.096875 0.19140625
5 0.55625 0.6109375 0.06171875 0.31796875
5 0.58515625 0.54453125 0.05703125 0.18203125
5 0.58046875 0.32890625 0.06875 0.278125
5 0.7046875 0.54140625 0.090625 0.19453125
5 0.7296875 0.5 0.05625 0.15703125
5 0.84140625 0.53125 0.09453125 0.221875
5 0.953125 0.4671875 0.0625 0.21796875
5 0.275 0.5625 0.07265625 0.2453125