5 0.49140625 0.584375 0.0546875 0.14296875
5 0.0375 0.55078125 0.0359375 0.17578125
5 0.45 0.490625 0.05390625 0.1546875
5 0.35390625 0.50078125 0.0609375 0.15078125
5 0.828125 0.37109375 0.0359375 0.17734375
5 0.21796875 0.8375 0.05390625 0.2265625
5 0.296875 0.81640625 0.04140625 0.23125
5 0.5265625 0.81875 0.05546875 0.2234375
5 0.92890625 0.478125 0.0984375 0.19453125
5 0.56328125 0.64609375 0.11015625 0.06328125
5 0.59296875 0.603125 0.0359375 0.028125
5 0.56875 0.653125 0.05 0.19765625
5 0.63515625 0.634375 0.05234375 0.21640625
5 0.69609375 0.778125 0.053125 0.221875
5 0.71015625 0.67109375 0.05 0.20703125
5 0.73671875 0.5390625 0.0296875 0.17109375
5 0.765625 0.771875 0.06953125 0.20703125
5 0.75859375 0.63203125 0.04140625 0.115625
5 0.8484375 0.7078125 0.06484375 0.2203125