5 0.3453125 0.72578125 0.02421875 0.08828125
5 0.38828125 0.715625 0.03203125 0.09140625
5 0.36015625 0.63203125 0.025 0.07265625
5 0.4609375 0.525 0.015625 0.05859375
5 0.534375 0.6453125 0.02421875 0.06796875
5 0.6875 0.64609375 0.02421875 0.07578125
5 0.69609375 0.60078125 0.01875 0.06328125
5 0.6671875 0.5953125 0.021875 0.05859375
5 0.6296875 0.63125 0.01875 0.06171875
5 0.61640625 0.64453125 0.01484375 0.04453125
5 0.60703125 0.646875 0.0203125 0.07734375
5 0.64609375 0.50625 0.021875 0.05234375
5 0.58671875 0.484375 0.01796875 0.03984375
5 0.57109375 0.52265625 0.02109375 0.04765625
5 0.56796875 0.55859375 0.01875 0.04296875
5 0.55703125 0.57734375 0.015625 0.025
5 0.5546875 0.6046875 0.01875 0.03125
5 0.5578125 0.6359375 0.0265625 0.07421875
5 0.57890625 0.60625 0.0171875 0.07734375
5 0.596875 0.596875 0.028125 0.05859375
5 0.5671875 0.6171875 0.0140625 0.05546875
2 0.63125 0.809375 0.0421875 0.05703125
3 0.88359375 0.89921875 0.04375 0.05703125
1 0.41640625 0.7453125 0.0453125 0.04296875
0 0.26846590937500003 0.678030303125 0.247159090625 0.6666666671875 0.2109375 0.6931818187500001 0.231534090625 0.70580808125 0.26846590937500003 0.678030303125