5 0.45078125 0.725 0.034375 0.1078125
5 0.35234375 0.68203125 0.02421875 0.09296875
5 0.38125 0.56640625 0.01640625 0.08984375
5 0.4703125 0.440625 0.01875 0.06328125
5 0.64296875 0.40625 0.01640625 0.07421875
5 0.61015625 0.45859375 0.01796875 0.06484375
5 0.5609375 0.4953125 0.02265625 0.06796875
5 0.56015625 0.52578125 0.02421875 0.08515625
5 0.565625 0.58984375 0.03984375 0.05546875
5 0.590625 0.5640625 0.02890625 0.05703125
5 0.62578125 0.5765625 0.0265625 0.08515625
5 0.7484375 0.58359375 0.025 0.0953125
5 0.78984375 0.55234375 0.025 0.07734375
5 0.75234375 0.5421875 0.028125 0.07890625
5 0.75625 0.475 0.028125 0.07421875
5 0.771875 0.43984375 0.028125 0.07109375
5 0.6421875 0.56171875 0.02421875 0.07734375
5 0.63046875 0.515625 0.03359375 0.04609375
5 0.67890625 0.53515625 0.0265625 0.07734375
5 0.68828125 0.509375 0.025 0.06484375
5 0.6578125 0.4953125 0.03125 0.04296875
2 0.67734375 0.8453125 0.0578125 0.07109375
0 0.1609375 0.68125 0.0421875 0.05390625
1 0.43607954531250004 0.7462121203125001 0.39133522656249997 0.7285353546875 0.3480113625 0.7714646453125 0.39204545468749996 0.7891414140624999 0.43607954531250004 0.7462121203125001