5 0.09140625 0.6609375 0.0265625 0.10625
5 0.2796875 0.60078125 0.0265625 0.09140625
5 0.34453125 0.49140625 0.0265625 0.07890625
5 0.40078125 0.38515625 0.021875 0.06640625
5 0.39296875 0.36640625 0.015625 0.06015625
5 0.5765625 0.49140625 0.03046875 0.08203125
5 0.6 0.625 0.02265625 0.1015625
5 0.64375 0.5625 0.02265625 0.09375
5 0.66484375 0.6 0.0203125 0.1046875
5 0.68984375 0.6015625 0.0203125 0.0984375
5 0.7703125 0.65703125 0.04609375 0.09296875
5 0.903125 0.61015625 0.015625 0.103125
5 0.8375 0.5828125 0.02265625 0.08828125
5 0.85859375 0.46171875 0.015625 0.08359375
5 0.7125 0.46328125 0.01875 0.07421875
5 0.75390625 0.56796875 0.0265625 0.08984375
5 0.753125 0.521875 0.0171875 0.03671875
5 0.77578125 0.53203125 0.01640625 0.04296875
5 0.778125 0.5875 0.0265625 0.09140625
5 0.796875 0.60703125 0.028125 0.096875
5 0.8 0.546875 0.02265625 0.08828125
5 0.475 0.3890625 0.0140625 0.06484375
1 0.4140625 0.7984375 0.05546875 0.06640625
2 0.7 0.88984375 0.0578125 0.07265625
0 0.2180397734375 0.7108585859375001 0.18892045468750002 0.6982323234375001 0.1399147734375 0.73106060625 0.1647727265625 0.7462121203125001 0.2180397734375 0.7108585859375001