5 0.23671875 0.46328125 0.04375 0.24375
5 0.3234375 0.70078125 0.0859375 0.225
5 0.3703125 0.7625 0.07265625 0.24375
5 0.28359375 0.40234375 0.046875 0.2484375
5 0.3234375 0.38984375 0.0328125 0.2390625
5 0.3859375 0.421875 0.04140625 0.2453125
5 0.45859375 0.490625 0.07734375 0.24375
5 0.44765625 0.3609375 0.04765625 0.1234375
5 0.46953125 0.39375 0.0359375 0.23125
5 0.52265625 0.40625 0.071875 0.2421875
5 0.56484375 0.459375 0.03984375 0.2359375
5 0.56484375 0.403125 0.0359375 0.21875
5 0.690625 0.51015625 0.0625 0.2390625
5 0.6421875 0.41953125 0.046875 0.240625
5 0.59375 0.30859375 0.02421875 0.234375
5 0.62421875 0.39140625 0.034375 0.2609375
5 0.8453125 0.46953125 0.07109375 0.2421875
5 0.8390625 0.44765625 0.04375 0.228125