5 0.1046875 0.66875 0.059375 0.2671875
5 0.27578125 0.56953125 0.0875 0.17265625
5 0.34765625 0.67734375 0.0859375 0.19453125
5 0.44609375 0.77421875 0.0921875 0.30390625
5 0.4015625 0.55625 0.0765625 0.1375
5 0.5328125 0.5875 0.08359375 0.16171875
5 0.6609375 0.6515625 0.0609375 0.20703125
5 0.66328125 0.56015625 0.10078125 0.16953125
5 0.8328125 0.73203125 0.10703125 0.2484375
5 0.8078125 0.52265625 0.0765625 0.20234375
5 0.94609375 0.6078125 0.05 0.271875
5 0.78671875 0.40234375 0.0671875 0.16484375
5 0.53671875 0.33203125 0.06875 0.26875
5 0.67109375 0.25859375 0.07109375 0.19296875