5 0.29375 0.4625 0.0140625 0.06015625
5 0.49453125 0.49296875 0.01484375 0.06015625
5 0.57890625 0.56875 0.01484375 0.06640625
5 0.5890625 0.56953125 0.0203125 0.04609375
5 0.59453125 0.5421875 0.0171875 0.04453125
5 0.59921875 0.5203125 0.01640625 0.03125
5 0.61640625 0.48671875 0.0109375 0.05703125
5 0.64765625 0.58125 0.0203125 0.04453125
5 0.63203125 0.5734375 0.0203125 0.04453125
5 0.63515625 0.55078125 0.0203125 0.025
5 0.6421875 0.5390625 0.028125 0.0234375
5 0.65703125 0.5328125 0.02265625 0.04140625
5 0.6671875 0.53125 0.02265625 0.03515625
5 0.6765625 0.51875 0.01640625 0.03359375
5 0.69765625 0.5203125 0.0171875 0.04921875
5 0.75546875 0.56640625 0.025 0.04609375
5 0.8140625 0.5828125 0.01484375 0.08203125
1 0.4546875 0.70859375 0.0421875 0.04609375
2 0.66875 0.77109375 0.0484375 0.05703125
3 0.925 0.85390625 0.04453125 0.06015625
0 0.2796875 0.65078125 0.03828125 0.03828125