5 0.16796875 0.3921875 0.03046875 0.1078125
5 0.3078125 0.44296875 0.0328125 0.1109375
5 0.33359375 0.80859375 0.04765625 0.13359375
5 0.31640625 0.15546875 0.02421875 0.09453125
5 0.36171875 0.253125 0.028125 0.1
5 0.80390625 0.5140625 0.03359375 0.10625
5 0.21953125 0.81640625 0.04765625 0.15703125
5 0.25546875 0.25859375 0.02421875 0.1
5 0.23359375 0.21484375 0.02421875 0.09296875
5 0.5078125 0.36015625 0.0359375 0.1078125
5 0.55390625 0.30234375 0.034375 0.10625
5 0.028125 0.3328125 0.034375 0.121875
5 0.1640625 0.3078125 0.02890625 0.0703125
5 0.7328125 0.52109375 0.0328125 0.1265625
5 0.7328125 0.43828125 0.02890625 0.06796875
5 0.71328125 0.5015625 0.01796875 0.1140625
5 0.88515625 0.67265625 0.034375 0.1453125
5 0.92109375 0.48203125 0.03125 0.125