5 0.38828125 0.67578125 0.01171875 0.05859375
5 0.4171875 0.653125 0.01640625 0.05703125
5 0.38671875 0.64921875 0.01328125 0.0375
5 0.41171875 0.61171875 0.01015625 0.04765625
5 0.425 0.61015625 0.01796875 0.05078125
5 0.42578125 0.54140625 0.0125 0.04140625
5 0.50625 0.5453125 0.0140625 0.0421875
5 0.40078125 0.5734375 0.0125 0.04296875
5 0.325 0.62578125 0.01328125 0.04609375
5 0.29921875 0.57109375 0.015625 0.040625
5 0.3109375 0.56796875 0.01328125 0.040625
5 0.34453125 0.56875 0.01328125 0.0421875
5 0.34375 0.5296875 0.015625 0.03046875
5 0.3765625 0.5671875 0.01484375 0.040625
5 0.38125 0.5375 0.0109375 0.02890625
5 0.39453125 0.5328125 0.01171875 0.040625
5 0.40546875 0.525 0.01015625 0.0359375
5 0.409375 0.56328125 0.00546875 0.034375
5 0.40390625 0.5453125 0.01171875 0.028125
5 0.3859375 0.546875 0.009375 0.0328125
1 0.08671875 0.746875 0.0359375 0.04296875
2 0.25546875 0.75546875 0.0296875 0.03828125
3 0.4234375 0.7671875 0.02890625 0.03671875
4 0.59609375 0.7796875 0.03046875 0.03984375
3 0.775 0.79296875 0.03359375 0.04296875
2 0.9609375 0.7866161609375 0.9325284093749999 0.785353534375 0.9467329546875 0.821969696875 0.9829545453125 0.8232323234375001 0.9609375 0.7866161609375