5 0.34296875 0.7796875 0.06796875 0.20390625
5 0.91953125 0.765625 0.08359375 0.20703125
5 0.978125 0.4046875 0.040625 0.17890625
5 0.934375 0.38046875 0.06171875 0.16484375
5 0.93671875 0.31484375 0.04765625 0.17265625
5 0.8921875 0.33203125 0.03984375 0.16328125
5 0.68671875 0.33984375 0.040625 0.18828125
5 0.43125 0.3359375 0.0546875 0.17421875
5 0.48125 0.34765625 0.04765625 0.16796875
5 0.521875 0.48046875 0.1171875 0.096875
5 0.55078125 0.4140625 0.04609375 0.16484375
5 0.5765625 0.33828125 0.02265625 0.06171875
5 0.6046875 0.4171875 0.05546875 0.18046875
5 0.6390625 0.34453125 0.034375 0.15859375