5 0.4078125 0.678125 0.02265625 0.06953125
5 0.4828125 0.615625 0.02265625 0.06484375
5 0.5515625 0.5328125 0.015625 0.06640625
5 0.225 0.759375 0.0296875 0.08359375
5 0.1421875 0.75078125 0.034375 0.08828125
5 0.2078125 0.65546875 0.03671875 0.07578125
5 0.265625 0.603125 0.02578125 0.06484375
5 0.32109375 0.59375 0.03359375 0.05078125
5 0.3375 0.575 0.021875 0.04453125
5 0.36171875 0.54609375 0.03046875 0.03984375
5 0.36953125 0.521875 0.01796875 0.028125
5 0.40703125 0.47734375 0.01484375 0.04765625
5 0.36953125 0.4625 0.0203125 0.06015625
5 0.24609375 0.52578125 0.0109375 0.07578125
5 0.2390625 0.5046875 0.00625 0.03671875
5 0.32734375 0.51171875 0.021875 0.03828125
5 0.31875 0.525 0.0234375 0.028125
5 0.3234375 0.5453125 0.02109375 0.04140625
5 0.309375 0.5421875 0.0171875 0.0296875
5 0.2921875 0.5671875 0.0265625 0.04765625
5 0.4046875 0.559375 0.0203125 0.05703125
5 0.43203125 0.53125 0.0234375 0.04921875
3 0.49765625 0.79140625 0.04140625 0.04921875
4 0.75703125 0.825 0.0421875 0.05703125
1 0.019886362499999997 0.7613636359375 0.05681818125 0.71843434375 0.018465909375 0.70707070625 0.0007102265624999999 0.7121212124999999 0 0.7537878796874999 0.019886362499999997 0.7613636359375
2 0.25923295468749996 0.7866161609375 0.2911931828125 0.739898990625 0.2478693171875 0.7335858578125001 0.2322443171875 0.7651515156250001 0.2365056828125 0.777777778125 0.25923295468749996 0.7866161609375