5 0.61953125 0.65703125 0.0265625 0.07421875
5 0.6265625 0.61953125 0.015625 0.04140625
5 0.72421875 0.496875 0.01796875 0.05859375
5 0.59140625 0.42421875 0.0203125 0.04609375
5 0.5796875 0.41328125 0.0109375 0.04296875
5 0.45625 0.878125 0.0421875 0.0953125
5 0.4484375 0.74375 0.04140625 0.08046875
5 0.2953125 0.7421875 0.0328125 0.1015625
5 0.4609375 0.61171875 0.02421875 0.06953125
5 0.44375 0.53515625 0.025 0.06796875
5 0.3109375 0.50703125 0.0203125 0.06015625
5 0.2984375 0.5015625 0.0171875 0.06171875
5 0.2828125 0.48828125 0.0171875 0.06953125
5 0.26015625 0.53046875 0.0203125 0.06953125
5 0.2453125 0.5109375 0.01328125 0.05546875
5 0.23125 0.52734375 0.0125 0.06328125
5 0.22421875 0.5125 0.0234375 0.05859375
5 0.18984375 0.51484375 0.01328125 0.06953125
5 0.19375 0.50078125 0.0234375 0.06640625
5 0.18984375 0.47734375 0.02265625 0.03515625
5 0.17109375 0.50703125 0.01875 0.07265625
5 0.46953125 0.86640625 0.04453125 0.109375
1 0.01796875 0.715625 0.0359375 0.04765625
2 0.24296875 0.73828125 0.0453125 0.05078125
4 0.7484375 0.790625 0.04140625 0.05703125
3 0.5014204546875 0.79292929375 0.5184659093749999 0.7373737375 0.47514204531250004 0.73106060625 0.47301136406250005 0.73232323125 0.46235795468749996 0.7828282828125 0.5014204546875 0.79292929375