5 0.60703125 0.66171875 0.02734375 0.1171875
5 0.55859375 0.63125 0.03828125 0.13515625
5 0.30234375 0.171875 0.0234375 0.07890625
5 0.11328125 0.38515625 0.03984375 0.11015625
5 0.41328125 0.140625 0.03203125 0.0890625
5 0.3703125 0.2515625 0.02734375 0.08515625
5 0.60390625 0.2390625 0.01875 0.0859375
5 0.92109375 0.53984375 0.025 0.10703125
5 0.4859375 0.34609375 0.025 0.09765625
5 0.2515625 0.14140625 0.0265625 0.075
5 0.340625 0.1640625 0.02421875 0.07109375
5 0.3234375 0.23984375 0.03046875 0.09296875
5 0.32578125 0.478125 0.03125 0.1125
5 0.05546875 0.20234375 0.025 0.1
5 0.29296875 0.42734375 0.0265625 0.11171875
5 0.2578125 0.32734375 0.028125 0.103125
5 0.33203125 0.37734375 0.0390625 0.103125
5 0.25546875 0.48359375 0.03828125 0.128125
5 0.303125 0.38515625 0.02265625 0.07578125
5 0.3078125 0.33828125 0.0203125 0.04921875
5 0.26640625 0.4046875 0.0296875 0.07734375
3 0.2359375 0.62890625 0.059375 0.06640625
1 0.88203125 0.58203125 0.0609375 0.04921875