5 0.34453125 0.4640625 0.0203125 0.07890625
5 0.3625 0.6265625 0.02109375 0.08046875
5 0.45703125 0.79453125 0.025 0.0953125
5 0.46328125 0.77578125 0.0375 0.1
5 0.4828125 0.65 0.02421875 0.07734375
5 0.5515625 0.5921875 0.02421875 0.07578125
5 0.53359375 0.5671875 0.01640625 0.07265625
5 0.47734375 0.50546875 0.02109375 0.06953125
5 0.490625 0.4484375 0.0203125 0.06640625
5 0.51796875 0.4671875 0.015625 0.06640625
5 0.5296875 0.42578125 0.01875 0.05859375
5 0.54453125 0.4265625 0.01875 0.06015625
5 0.31875 0.646875 0.0203125 0.08671875
5 0.28046875 0.56875 0.0171875 0.07265625
5 0.29609375 0.53046875 0.01796875 0.06328125
5 0.2640625 0.5421875 0.0265625 0.06953125
5 0.2796875 0.50625 0.01796875 0.05546875
5 0.2609375 0.48203125 0.021875 0.05703125
5 0.24140625 0.46875 0.02421875 0.06640625
5 0.215625 0.51875 0.02265625 0.07421875
5 0.1515625 0.5515625 0.02421875 0.07578125
5 0.103125 0.55 0.028125 0.08515625
1 0.071875 0.7 0.0484375 0.04765625
2 0.30390625 0.715625 0.040625 0.05078125
3 0.5453125 0.73125 0.04453125 0.05234375
4 0.8109375 0.753125 0.0453125 0.05859375