5 0.7484375 0.58984375 0.01875 0.046875
5 0.36640625 0.49375 0.01484375 0.05234375
5 0.6234375 0.50703125 0.01953125 0.046875
5 0.55859375 0.58125 0.0171875 0.053125
5 0.625 0.57421875 0.021875 0.0390625
5 0.4078125 0.4875 0.0140625 0.03515625
5 0.77421875 0.44765625 0.01328125 0.03046875
5 0.803125 0.44375 0.01015625 0.04296875
5 0.45859375 0.53671875 0.02421875 0.0515625
5 0.52890625 0.3671875 0.0140625 0.0390625
5 0.6921875 0.35390625 0.01328125 0.0328125
5 0.86171875 0.5078125 0.015625 0.04453125
5 0.46796875 0.4953125 0.01171875 0.053125
5 0.9578125 0.59921875 0.0125 0.0578125
5 0.83203125 0.5203125 0.01484375 0.04140625
5 0.4125 0.51953125 0.0171875 0.0375
5 0.40234375 0.525 0.01328125 0.0328125
5 0.41015625 0.35 0.01015625 0.03359375
5 0.5421875 0.5359375 0.01875 0.04921875
5 0.56875 0.5625 0.0140625 0.05390625
3 0.09140625 0.5859375 0.0234375 0.028125
4 0.24140625 0.57578125 0.025 0.0296875
3 0.390625 0.5671875 0.025 0.0265625
1 0.65703125 0.54609375 0.0265625 0.0265625
0 0.76851851875 0.5236625515625 0.7540509265625001 0.526748971875 0.7702546296875 0.5483539093750001 0.7864583328125 0.5452674890625 0.76851851875 0.5236625515625
2 0.5335648140625 0.54012345625 0.512152778125 0.5421810703125 0.524884259375 0.5699588484375 0.550347221875 0.568930040625 0.5335648140625 0.54012345625