5 0.54296875 0.696875 0.0484375 0.1171875
5 0.590625 0.35078125 0.01953125 0.103125
5 0.11953125 0.24765625 0.03125 0.08203125
5 0.8296875 0.49765625 0.02734375 0.109375
5 0.69609375 0.6765625 0.025 0.1203125
5 0.23671875 0.49140625 0.01796875 0.115625
5 0.29140625 0.23515625 0.0203125 0.08515625
5 0.4890625 0.43671875 0.02890625 0.0953125
5 0.1859375 0.4890625 0.02578125 0.1015625
5 0.40703125 0.54765625 0.03515625 0.08359375
5 0.20234375 0.30078125 0.03671875 0.0875
5 0.46640625 0.54375 0.04375 0.06328125
5 0.32421875 0.4515625 0.03984375 0.0734375
5 0.3859375 0.3078125 0.0203125 0.09921875
5 0.559375 0.44609375 0.0203125 0.1015625
5 0.3828125 0.525 0.03671875 0.0734375
5 0.57421875 0.51328125 0.03125 0.09921875
5 0.35 0.4734375 0.03359375 0.07265625
5 0.4234375 0.49375 0.0421875 0.06796875
5 0.38828125 0.4484375 0.03984375 0.05390625
5 0.2109375 0.359375 0.040625 0.084375
5 0.37890625 0.47734375 0.03203125 0.0296875
2 0.18046875 0.73984375 0.0609375 0.05546875
0 0.78984375 0.62890625 0.0578125 0.05234375
1 0.50234375 0.68046875 0.0671875 0.0484375