5 0.6265625 0.4859375 0.0234375 0.07109375
5 0.50078125 0.38203125 0.0109375 0.06015625
5 0.528125 0.5765625 0.01875 0.08515625
5 0.3421875 0.6984375 0.021875 0.10625
5 0.2515625 0.70546875 0.0375 0.08984375
5 0.290625 0.5921875 0.0265625 0.06640625
5 0.36484375 0.59140625 0.04375 0.05546875
5 0.45234375 0.55078125 0.02265625 0.08046875
5 0.45546875 0.50234375 0.02265625 0.07578125
5 0.4203125 0.45703125 0.01796875 0.06484375
5 0.428125 0.371875 0.01796875 0.06171875
5 0.3640625 0.45078125 0.021875 0.06484375
5 0.4078125 0.4921875 0.025 0.03984375
5 0.396875 0.50546875 0.01875 0.05390625
5 0.38359375 0.54296875 0.03125 0.05546875
5 0.32109375 0.55703125 0.025 0.05859375
5 0.33671875 0.534375 0.02109375 0.04140625
5 0.3546875 0.53203125 0.02578125 0.04296875
5 0.34453125 0.50546875 0.025 0.0296875
5 0.3484375 0.48671875 0.02421875 0.0265625
5 0.24140625 0.54140625 0.0171875 0.07109375
5 0.2546875 0.51171875 0.0171875 0.07890625
3 0.475 0.7046875 0.0375 0.06015625
4 0.73515625 0.71484375 0.0421875 0.05546875