5 0.93125 0.7140625 0.0359375 0.11953125
5 0.5484375 0.52265625 0.0296875 0.1046875
5 0.6 0.32890625 0.02734375 0.07109375
5 0.2140625 0.4546875 0.03359375 0.09921875
5 0.4359375 0.228125 0.0234375 0.075
5 0.37734375 0.55859375 0.03359375 0.13359375
5 0.8484375 0.7015625 0.03125 0.128125
5 0.8328125 0.49140625 0.02109375 0.09296875
5 0.16875 0.44765625 0.028125 0.10078125
5 0.378125 0.321875 0.03359375 0.0984375
5 0.36171875 0.3140625 0.02578125 0.0953125
5 0.246875 0.5 0.0296875 0.10625
5 0.375 0.403125 0.03515625 0.09609375
5 0.46015625 0.45703125 0.0390625 0.10625
5 0.3 0.5375 0.02890625 0.11875
5 0.42734375 0.59453125 0.02734375 0.1234375
5 0.2796875 0.47578125 0.02421875 0.1171875
5 0.34609375 0.24921875 0.0203125 0.08828125
5 0.42734375 0.5015625 0.0296875 0.07109375
5 0.42734375 0.51484375 0.025 0.05390625
2 0.1828125 0.74453125 0.0625 0.053125
1 0.503125 0.6875 0.06484375 0.0515625
0 0.79140625 0.634375 0.059375 0.05234375