5 0.6484375 0.3734375 0.0171875 0.06171875
5 0.590625 0.31875 0.0234375 0.05078125
5 0.53984375 0.64921875 0.0296875 0.096875
5 0.7984375 0.865625 0.04375 0.1171875
5 0.77109375 0.8421875 0.03828125 0.1125
5 0.49609375 0.6890625 0.0234375 0.1
5 0.46015625 0.54453125 0.021875 0.04609375
5 0.43125 0.525 0.0296875 0.07109375
5 0.34453125 0.58203125 0.021875 0.07109375
5 0.33046875 0.55859375 0.021875 0.07734375
5 0.3453125 0.51953125 0.01796875 0.04765625
5 0.3 0.46875 0.028125 0.05859375
5 0.29140625 0.50234375 0.02109375 0.06640625
5 0.29921875 0.5375 0.0203125 0.09375
5 0.2609375 0.4859375 0.0171875 0.07421875
5 0.23046875 0.51875 0.0234375 0.07734375
5 0.17265625 0.5125 0.02421875 0.08046875
5 0.21328125 0.46953125 0.01484375 0.08203125
5 0.23125 0.45859375 0.01640625 0.06796875
5 0.49375 0.34765625 0.015625 0.04765625
5 0.4625 0.34140625 0.01328125 0.05234375
2 0.159375 0.6890625 0.04140625 0.04765625
3 0.40859375 0.6875 0.04140625 0.05078125
4 0.6671875 0.6859375 0.0390625 0.05390625
3 0.93515625 0.6890625 0.0484375 0.05703125