5 0.29375 0.36953125 0.02109375 0.10078125
5 0.4484375 0.2796875 0.01484375 0.08984375
5 0.0890625 0.2984375 0.02421875 0.0953125
5 0.740625 0.47265625 0.03046875 0.10859375
5 0.2703125 0.28671875 0.025 0.09296875
5 0.72734375 0.5125 0.0296875 0.11015625
5 0.18125 0.29921875 0.01875 0.10859375
5 0.22421875 0.246875 0.01875 0.09765625
5 0.4140625 0.546875 0.03203125 0.1203125
5 0.20234375 0.4078125 0.02890625 0.115625
5 0.42421875 0.478125 0.028125 0.12578125
5 0.1625 0.23359375 0.01953125 0.08359375
5 0.4453125 0.25859375 0.015625 0.08515625
5 0.16796875 0.31953125 0.021875 0.1078125
5 0.3109375 0.18359375 0.0171875 0.08671875
5 0.32734375 0.18515625 0.0171875 0.08671875
5 0.11796875 0.2 0.02421875 0.07578125
5 0.04375 0.228125 0.028125 0.04296875
5 0.02578125 0.20859375 0.01875 0.08984375
5 0.00703125 0.19140625 0.0140625 0.08359375
2 0.18046875 0.74296875 0.06328125 0.053125
1 0.50234375 0.6890625 0.06328125 0.04765625
0 0.790625 0.63515625 0.0578125 0.0546875