5 0.54140625 0.5125 0.01484375 0.06796875
5 0.46484375 0.6546875 0.01796875 0.0953125
5 0.465625 0.58125 0.01640625 0.07265625
5 0.409375 0.5828125 0.0234375 0.08828125
5 0.3765625 0.53828125 0.01796875 0.07734375
5 0.3609375 0.4375 0.0171875 0.05703125
5 0.3171875 0.43359375 0.021875 0.05859375
5 0.3375 0.4890625 0.0171875 0.04609375
5 0.33515625 0.515625 0.0171875 0.05234375
5 0.33359375 0.56328125 0.02578125 0.06484375
5 0.31953125 0.61328125 0.0390625 0.05390625
5 0.30703125 0.75 0.021875 0.1109375
5 0.2140625 0.75703125 0.03828125 0.096875
5 0.26328125 0.640625 0.0390625 0.09296875
5 0.17265625 0.56484375 0.0234375 0.07421875
5 0.19375 0.5328125 0.015625 0.08828125
5 0.259375 0.5796875 0.02578125 0.05703125
5 0.2796875 0.57578125 0.0234375 0.05234375
5 0.28125 0.5546875 0.02265625 0.04140625
5 0.3 0.55078125 0.02421875 0.04921875
5 0.2859375 0.53203125 0.02265625 0.03125
5 0.2859375 0.51171875 0.0296875 0.0265625
4 0.49765625 0.7453125 0.0390625 0.05234375
3 0.75390625 0.7515625 0.0421875 0.04921875