5 0.9 0.73203125 0.025 0.0953125
5 0.703125 0.37890625 0.0203125 0.06796875
5 0.740625 0.4109375 0.02734375 0.0640625
5 0.646875 0.41875 0.02421875 0.071875
5 0.878125 0.5265625 0.01875 0.065625
5 0.55234375 0.3625 0.01640625 0.05859375
5 0.8484375 0.5375 0.0203125 0.07421875
5 0.61953125 0.48671875 0.021875 0.06640625
5 0.759375 0.6015625 0.02265625 0.08359375
5 0.50078125 0.303125 0.0171875 0.0609375
5 0.30625 0.45625 0.0171875 0.075
5 0.66484375 0.31015625 0.015625 0.06015625
5 0.65390625 0.38046875 0.01796875 0.05
5 0.21953125 0.48359375 0.01953125 0.08671875
5 0.31015625 0.528125 0.021875 0.09375
5 0.20625 0.48828125 0.02109375 0.0875
5 0.32734375 0.47421875 0.0171875 0.07734375
5 0.334375 0.53125 0.0203125 0.08828125
5 0.34921875 0.48828125 0.0203125 0.07890625
5 0.22109375 0.46015625 0.0171875 0.08671875
5 0.2109375 0.45 0.0171875 0.07890625
3 0.06953125 0.7265625 0.04375 0.0515625
2 0.325 0.684375 0.04609375 0.0421875
1 0.55703125 0.64609375 0.04765625 0.04296875
0 0.7609953703125 0.5936213984375 0.7384259265625001 0.6008230453125 0.7673611109375 0.6347736625 0.790509259375 0.6234567890625 0.7609953703125 0.5936213984375