5 0.4078125 0.52421875 0.0171875 0.08515625
5 0.60546875 0.42578125 0.0203125 0.06171875
5 0.52421875 0.35234375 0.01640625 0.06015625
5 0.46640625 0.47578125 0.0140625 0.06953125
5 0.45625 0.428125 0.01796875 0.05390625
5 0.4421875 0.44375 0.01640625 0.06953125
5 0.4015625 0.41875 0.028125 0.04453125
5 0.415625 0.3890625 0.0171875 0.04609375
5 0.40859375 0.34453125 0.02578125 0.04765625
5 0.38515625 0.44296875 0.03125 0.04296875
5 0.36640625 0.46796875 0.02578125 0.04609375
5 0.35390625 0.4875 0.034375 0.05234375
5 0.29140625 0.50390625 0.02578125 0.07265625
5 0.303125 0.46015625 0.0234375 0.05234375
5 0.27109375 0.42265625 0.0125 0.07421875
5 0.2640625 0.40078125 0.0109375 0.03828125
5 0.35078125 0.375 0.01328125 0.05234375
5 0.35234375 0.396875 0.0234375 0.028125
5 0.34921875 0.4125 0.0203125 0.0265625
5 0.34921875 0.43125 0.0234375 0.03515625
5 0.33515625 0.43515625 0.01796875 0.028125
5 0.325 0.46171875 0.02265625 0.05546875
2 0.26640625 0.6625 0.04453125 0.05703125
3 0.50859375 0.68203125 0.04140625 0.05859375
4 0.76953125 0.70703125 0.0390625 0.06171875
1 0.071022728125 0.61994949375 0.03125 0.6111111109375 0.00213068125 0.652777778125 0.0319602265625 0.6628787875000001 0.071022728125 0.61994949375