5 0.53828125 0.8203125 0.06484375 0.2296875
5 0.2296875 0.70546875 0.06328125 0.18828125
5 0.30390625 0.65078125 0.06328125 0.17421875
5 0.2390625 0.45390625 0.053125 0.225
5 0.3 0.5390625 0.05625 0.21796875
5 0.40234375 0.63515625 0.07578125 0.15859375
5 0.525 0.74296875 0.04375 0.2421875
5 0.51171875 0.62265625 0.0859375 0.13125
5 0.5015625 0.5546875 0.07578125 0.146875
5 0.4890625 0.41796875 0.05234375 0.20703125
5 0.62265625 0.61171875 0.0703125 0.17734375
5 0.73125 0.615625 0.0703125 0.16328125
5 0.71328125 0.54140625 0.04453125 0.1390625
5 0.83046875 0.4390625 0.046875 0.20859375
5 0.81484375 0.228125 0.06875 0.19765625
5 0.01796875 0.28125 0.0359375 0.18984375