5 0.565625 0.49453125 0.01484375 0.07890625
5 0.47109375 0.42421875 0.01484375 0.06484375
5 0.41796875 0.38046875 0.021875 0.06640625
5 0.31328125 0.371875 0.02265625 0.05546875
5 0.37734375 0.48046875 0.0203125 0.07890625
5 0.36484375 0.6796875 0.03359375 0.096875
5 0.24296875 0.7015625 0.046875 0.09140625
5 0.31875 0.59296875 0.040625 0.06171875
5 0.33203125 0.53671875 0.0375 0.07109375
5 0.33046875 0.515625 0.03203125 0.03671875
5 0.33046875 0.5 0.02890625 0.03125
5 0.33359375 0.48125 0.02890625 0.025
5 0.34609375 0.4546875 0.02109375 0.04453125
5 0.3015625 0.41796875 0.02421875 0.05546875
5 0.30390625 0.4484375 0.02890625 0.06640625
5 0.18125 0.53828125 0.021875 0.07109375
5 0.19765625 0.51484375 0.01875 0.08515625
5 0.2703125 0.55859375 0.0296875 0.06171875
5 0.278125 0.5328125 0.021875 0.05390625
5 0.29765625 0.52890625 0.02265625 0.06328125
5 0.28359375 0.5015625 0.02109375 0.03359375
5 0.2765625 0.484375 0.02890625 0.04296875
4 0.49765625 0.709375 0.0390625 0.05703125
6 0.753125 0.709375 0.04140625 0.04765625