5 0.72421875 0.51640625 0.04140625 0.11875
5 0.6328125 0.434375 0.04140625 0.09296875
5 0.51015625 0.6109375 0.0359375 0.109375
5 0.84453125 0.3765625 0.03046875 0.11328125
5 0.29140625 0.68359375 0.03125 0.13203125
5 0.31875 0.26875 0.0265625 0.09765625
5 0.71015625 0.41328125 0.0375 0.0921875
5 0.5703125 0.23046875 0.02890625 0.084375
5 0.7265625 0.31484375 0.03203125 0.06953125
5 0.65625 0.378125 0.03125 0.0640625
5 0.659375 0.28046875 0.03359375 0.05625
5 0.559375 0.35390625 0.03359375 0.0921875
5 0.40859375 0.4546875 0.03828125 0.11484375
5 0.615625 0.75859375 0.046875 0.1578125
5 0.6578125 0.3296875 0.03359375 0.04921875
5 0.515625 0.13203125 0.02265625 0.08984375
5 0.76328125 0.23671875 0.03515625 0.10546875
5 0.71484375 0.340625 0.034375 0.05546875
5 0.67734375 0.6390625 0.0484375 0.1265625
5 0.7 0.3578125 0.0375 0.05703125
5 0.74453125 0.1609375 0.034375 0.08828125
5 0.709375 0.3765625 0.0390625 0.04296875
2 0.1640625 0.6125 0.06171875 0.053125
3 0.52734375 0.6796875 0.059375 0.07578125
4 0.909375 0.74140625 0.0609375 0.07265625