5 0.2296875 0.36640625 0.02578125 0.0578125
5 0.3609375 0.64296875 0.034375 0.0796875
5 0.7234375 0.4828125 0.02890625 0.071875
5 0.23828125 0.60625 0.01953125 0.078125
5 0.6796875 0.4203125 0.01640625 0.06328125
5 0.35625 0.5328125 0.02109375 0.06953125
5 0.70859375 0.42890625 0.01953125 0.0578125
5 0.48671875 0.3046875 0.01640625 0.059375
5 0.7578125 0.48515625 0.01875 0.078125
5 0.6484375 0.4296875 0.02109375 0.071875
5 0.3828125 0.4421875 0.02265625 0.07734375
5 0.659375 0.42109375 0.01640625 0.06796875
5 0.3625 0.45546875 0.02109375 0.08203125
5 0.77890625 0.49765625 0.01875 0.065625
5 0.3875 0.24609375 0.015625 0.05234375
5 0.77890625 0.42265625 0.02421875 0.05234375
5 0.73671875 0.46953125 0.02109375 0.0609375
5 0.7640625 0.4453125 0.015625 0.04375
5 0.36953125 0.52265625 0.0296875 0.06640625
5 0.51796875 0.296875 0.01640625 0.06015625
5 0.77890625 0.4484375 0.03203125 0.06328125
5 0.4671875 0.25 0.01875 0.05234375
1 0.06328125 0.54453125 0.0484375 0.0390625
2 0.2859375 0.584375 0.0421875 0.0390625
3 0.5171875 0.62265625 0.03671875 0.04609375
4 0.76015625 0.66328125 0.03671875 0.04453125