5 0.86796875 0.75078125 0.05 0.1
5 0.84296875 0.73515625 0.0265625 0.09375
5 0.65 0.63203125 0.0359375 0.08828125
5 0.49453125 0.65703125 0.02109375 0.0984375
5 0.47109375 0.65625 0.0265625 0.0953125
5 0.4078125 0.678125 0.0296875 0.096875
5 0.43515625 0.41484375 0.0171875 0.06171875
5 0.43203125 0.353125 0.009375 0.04296875
5 0.42734375 0.34765625 0.0125 0.04765625
5 0.3921875 0.4109375 0.01328125 0.06015625
5 0.271875 0.5890625 0.0203125 0.07890625
5 0.215625 0.56328125 0.0234375 0.08671875
5 0.17109375 0.56953125 0.02109375 0.08359375
5 0.15390625 0.58515625 0.021875 0.08046875
5 0.10625 0.5140625 0.0203125 0.08359375
5 0.0515625 0.596875 0.0203125 0.08359375
5 0.04375 0.56015625 0.015625 0.03359375
5 0.01484375 0.62109375 0.0234375 0.10625
3 0.1390625 0.7390625 0.04453125 0.05859375
3 0.66015625 0.709375 0.04453125 0.06015625
2 0.90411931875 0.6742424234375 0.8700284093749999 0.67550505 0.8877840906250001 0.7159090906250001 0.9332386359375 0.7121212124999999 0.90411931875 0.6742424234375