5 0.61796875 0.74140625 0.03203125 0.096875
5 0.53203125 0.75703125 0.040625 0.1125
5 0.59375 0.5734375 0.028125 0.08203125
5 0.56484375 0.47578125 0.01796875 0.08828125
5 0.39765625 0.41484375 0.02109375 0.07421875
5 0.46640625 0.5515625 0.0265625 0.08828125
5 0.4375 0.509375 0.02265625 0.06796875
5 0.4390625 0.61171875 0.053125 0.06953125
5 0.41953125 0.57734375 0.028125 0.03359375
5 0.3875 0.6109375 0.0296875 0.06796875
5 0.3671875 0.58671875 0.0328125 0.08046875
5 0.35390625 0.5625 0.0265625 0.06328125
5 0.37890625 0.54375 0.03203125 0.05078125
5 0.35 0.54453125 0.0234375 0.03359375
5 0.3484375 0.50703125 0.03125 0.04140625
5 0.31875 0.5375 0.02890625 0.06640625
5 0.29765625 0.51796875 0.0375 0.06328125
5 0.2421875 0.53359375 0.0171875 0.07734375
5 0.23359375 0.5953125 0.02578125 0.07734375
5 0.2140625 0.42890625 0.03359375 0.07421875
5 0.21953125 0.38671875 0.0234375 0.04140625
5 0.14765625 0.3890625 0.02109375 0.07421875
2 0.33671875 0.77890625 0.06015625 0.05703125
3 0.02421875 0.84296875 0.0484375 0.07109375
0 0.8188920453125 0.6515151515625 0.7982954546875 0.6578282828125 0.8430397734374999 0.6957070703125 0.8678977265625001 0.6881313125 0.8188920453125 0.6515151515625