5 0.6484375 0.72109375 0.04140625 0.09375
5 0.615625 0.7125 0.0296875 0.10625
5 0.5640625 0.55859375 0.0375 0.08671875
5 0.584375 0.45 0.0234375 0.07265625
5 0.409375 0.38984375 0.0171875 0.06953125
5 0.403125 0.521875 0.02578125 0.08984375
5 0.3578125 0.553125 0.03671875 0.09375
5 0.32578125 0.56015625 0.0296875 0.1078125
5 0.24453125 0.53125 0.021875 0.103125
5 0.29765625 0.53046875 0.034375 0.06328125
5 0.35859375 0.50234375 0.03203125 0.04453125
5 0.378125 0.51484375 0.02421875 0.08828125
5 0.3609375 0.4796875 0.0140625 0.03359375
5 0.37421875 0.46484375 0.0171875 0.03125
5 0.2765625 0.403125 0.03203125 0.06484375
5 0.2578125 0.39140625 0.02109375 0.07265625
5 0.28984375 0.48515625 0.02890625 0.07890625
5 0.26484375 0.490625 0.02890625 0.07734375
5 0.17109375 0.4015625 0.02890625 0.08359375
2 0.33671875 0.7609375 0.06015625 0.05546875
3 0.036221590625 0.790404040625 0.0014204546874999999 0.7954545453125 0.0007102265624999999 0.859848484375 0.061079545312500004 0.847222221875 0.036221590625 0.790404040625
0 0.8167613640625 0.6338383828125 0.7997159093749999 0.6401515156250001 0.8444602265625001 0.6792929296875 0.8671875 0.6704545453125 0.8167613640625 0.6338383828125