5 0.33359375 0.84609375 0.0671875 0.14609375
5 0.41328125 0.28984375 0.0375 0.09375
5 0.68046875 0.28984375 0.0265625 0.10703125
5 0.2671875 0.2328125 0.04375 0.0984375
5 0.278125 0.64140625 0.065625 0.13671875
5 0.46484375 0.840625 0.0453125 0.16796875
5 0.28203125 0.134375 0.04609375 0.09765625
5 0.3921875 0.50546875 0.046875 0.08671875
5 0.47890625 0.14765625 0.028125 0.09609375
5 0.29296875 0.36953125 0.04296875 0.06875
5 0.14453125 0.41015625 0.0390625 0.12890625
5 0.52421875 0.63125 0.0390625 0.134375
5 0.76875 0.55703125 0.0328125 0.15234375
5 0.296875 0.50234375 0.0359375 0.08359375
5 0.52265625 0.44296875 0.0296875 0.13671875
5 0.321875 0.4296875 0.0453125 0.0828125
5 0.49765625 0.40625 0.02890625 0.121875
5 0.38125 0.44375 0.05 0.07578125
5 0.3703125 0.3859375 0.0390625 0.05859375
5 0.30546875 0.45859375 0.046875 0.06796875
5 0.303125 0.39765625 0.04140625 0.06328125
3 0.69140625 0.709375 0.0703125 0.07421875
4 0.27421875 0.6953125 0.06484375 0.06484375