5 0.878125 0.76875 0.0375 0.1109375
5 0.82890625 0.834375 0.02578125 0.1125
5 0.871875 0.65625 0.03671875 0.08203125
5 0.84453125 0.65078125 0.02578125 0.08203125
5 0.60078125 0.63203125 0.0296875 0.09375
5 0.64609375 0.503125 0.0203125 0.07421875
5 0.540625 0.54921875 0.028125 0.07421875
5 0.54765625 0.4890625 0.0234375 0.06171875
5 0.5046875 0.4640625 0.01796875 0.06640625
5 0.31953125 0.4734375 0.02109375 0.07109375
5 0.35078125 0.67109375 0.02578125 0.1109375
5 0.30625 0.6859375 0.03203125 0.103125
5 0.290625 0.6578125 0.0203125 0.09140625
5 0.28046875 0.61328125 0.0234375 0.08828125
5 0.246875 0.48125 0.0265625 0.06796875
5 0.23828125 0.56640625 0.025 0.08046875
5 0.2234375 0.61484375 0.0234375 0.103125
5 0.2015625 0.6859375 0.02265625 0.109375
5 0.1609375 0.68515625 0.02421875 0.1109375
5 0.17421875 0.6484375 0.021875 0.07109375
5 0.1828125 0.69609375 0.0203125 0.1109375
5 0.22109375 0.709375 0.03046875 0.03828125
2 0.28984375 0.88359375 0.06015625 0.05390625
1 0.553125 0.8078125 0.06015625 0.05078125
0 0.8167613640625 0.7487373734375 0.7684659093749999 0.71843434375 0.7528409093749999 0.724747475 0.7471590906250001 0.73106060625 0.796875 0.760101009375 0.8167613640625 0.7487373734375