5 0.1984375 0.24765625 0.025 0.13203125
5 0.69609375 0.42890625 0.03125 0.13359375
5 0.72421875 0.5328125 0.02890625 0.1375
5 0.48359375 0.20546875 0.02578125 0.1140625
5 0.43828125 0.678125 0.02734375 0.1546875
5 0.24921875 0.51640625 0.0265625 0.153125
5 0.53984375 0.459375 0.03125 0.1375
5 0.15390625 0.309375 0.028125 0.13125
5 0.15625 0.22890625 0.02421875 0.09375
5 0.28359375 0.5 0.028125 0.1453125
5 0.303125 0.4578125 0.034375 0.1375
5 0.32890625 0.44296875 0.0296875 0.1546875
5 0.35 0.40859375 0.02421875 0.1296875
5 0.3765625 0.390625 0.03125 0.1265625
5 0.38828125 0.4890625 0.02890625 0.1328125
5 0.43125 0.39609375 0.0359375 0.1375
5 0.43515625 0.4984375 0.0390625 0.1296875
5 0.45859375 0.446875 0.03046875 0.115625
5 0.48984375 0.49609375 0.0359375 0.140625
5 0.49375 0.43671875 0.02890625 0.0953125
5 0.5125 0.44921875 0.0203125 0.1421875
4 0.28125 0.69296875 0.06953125 0.065625
3 0.6953125 0.7046875 0.0734375 0.071875