5 0.81953125 0.72890625 0.02265625 0.103125
5 0.6453125 0.78359375 0.04765625 0.1109375
5 0.684375 0.5140625 0.0203125 0.07734375
5 0.5328125 0.503125 0.021875 0.08984375
5 0.5375 0.6109375 0.03203125 0.07734375
5 0.5203125 0.640625 0.04609375 0.08359375
5 0.47421875 0.54921875 0.02265625 0.08671875
5 0.46015625 0.578125 0.034375 0.08203125
5 0.4359375 0.63359375 0.028125 0.08828125
5 0.38125 0.65234375 0.03125 0.06953125
5 0.31875 0.58671875 0.03125 0.1140625
5 0.29375 0.51171875 0.0265625 0.06640625
5 0.2203125 0.425 0.0234375 0.07265625
5 0.3546875 0.41875 0.0203125 0.06328125
5 0.3828125 0.49453125 0.02421875 0.06015625
5 0.3453125 0.51484375 0.03359375 0.09140625
5 0.371875 0.553125 0.02265625 0.08828125
5 0.39296875 0.56875 0.03203125 0.09140625
5 0.4109375 0.53125 0.0203125 0.04765625
5 0.42421875 0.54140625 0.00859375 0.028125
5 0.43515625 0.54375 0.015625 0.04453125
5 0.46015625 0.56953125 0.0359375 0.0953125
5 0.440625 0.58046875 0.0234375 0.05234375
5 0.41875 0.57890625 0.01796875 0.08359375
2 0.3828125 0.821875 0.0625 0.06015625
3 0.071875 0.89375 0.0609375 0.06484375
0 0.8707386359375 0.6919191921875 0.84588068125 0.6982323234375001 0.8948863640625 0.7348484843749999 0.9176136359375 0.7260101015625 0.8707386359375 0.6919191921875