5 0.18515625 0.58046875 0.02578125 0.10546875
5 0.1328125 0.53984375 0.021875 0.1046875
5 0.76484375 0.33828125 0.0171875 0.09609375
5 0.74609375 0.559375 0.0296875 0.11875
5 0.26640625 0.50078125 0.03125 0.11953125
5 0.26484375 0.278125 0.01640625 0.07734375
5 0.8390625 0.32265625 0.015625 0.08203125
5 0.19375 0.79453125 0.02265625 0.15078125
5 0.33046875 0.4625 0.0234375 0.103125
5 0.42578125 0.56328125 0.021875 0.1203125
5 0.71015625 0.5375 0.0234375 0.1140625
5 0.371875 0.2796875 0.01640625 0.0859375
5 0.4125 0.54921875 0.015625 0.1109375
5 0.39921875 0.43125 0.0203125 0.1
5 0.4375 0.20625 0.02578125 0.08515625
5 0.48046875 0.259375 0.01640625 0.08671875
5 0.44765625 0.3046875 0.025 0.09375
5 0.52578125 0.3921875 0.0234375 0.0953125
5 0.515625 0.34296875 0.02109375 0.05859375
5 0.490625 0.35234375 0.02265625 0.09140625
5 0.49296875 0.29921875 0.021875 0.03984375
1 0.4734375 0.68671875 0.05859375 0.0484375
2 0.1671875 0.74375 0.05859375 0.05234375
0 0.73984375 0.63359375 0.053125 0.05