5 0.88203125 0.48359375 0.0203125 0.07890625
5 0.84140625 0.55234375 0.0203125 0.08671875
5 0.81796875 0.48984375 0.02265625 0.06953125
5 0.65 0.41875 0.0171875 0.06640625
5 0.6125 0.42734375 0.0171875 0.07734375
5 0.57734375 0.62890625 0.02109375 0.08828125
5 0.571875 0.58125 0.01875 0.07890625
5 0.478125 0.6109375 0.03203125 0.09296875
5 0.38515625 0.55390625 0.02421875 0.08359375
5 0.4125 0.4328125 0.0171875 0.06015625
5 0.3859375 0.4390625 0.0171875 0.07265625
5 0.35 0.50703125 0.02265625 0.08203125
5 0.26875 0.7171875 0.025 0.04140625
5 0.26484375 0.6671875 0.03203125 0.05703125
5 0.2640625 0.56015625 0.0203125 0.09296875
5 0.28984375 0.4484375 0.0234375 0.07578125
5 0.30546875 0.4 0.01796875 0.06796875
5 0.25625 0.48125 0.01875 0.07734375
5 0.23828125 0.4578125 0.0203125 0.07578125
5 0.1890625 0.53046875 0.0203125 0.09140625
5 0.165625 0.49921875 0.01875 0.08203125
5 0.13671875 0.54375 0.01640625 0.09375
1 0.02421875 0.628125 0.04765625 0.03984375
3 0.4953125 0.671875 0.04375 0.05078125
4 0.75390625 0.696875 0.040625 0.05703125