5 0.97265625 0.06171875 0.0390625 0.1171875
5 0.92890625 0.06171875 0.0390625 0.1234375
5 0.575 0.67578125 0.0421875 0.1390625
5 0.2921875 0.28515625 0.03984375 0.15546875
5 0.3390625 0.22734375 0.05625 0.1421875
5 0.1078125 0.1953125 0.05 0.15078125
5 0.30625 0.49609375 0.03671875 0.16171875
5 0.56875 0.609375 0.07265625 0.17109375
5 0.084375 0.58984375 0.06484375 0.1640625
5 0.2734375 0.57265625 0.0484375 0.1765625
5 0.24921875 0.4703125 0.059375 0.1859375
5 0.11328125 0.14921875 0.0359375 0.08515625