5 0.62265625 0.7109375 0.02265625 0.08515625
5 0.4671875 0.76171875 0.03671875 0.09140625
5 0.53671875 0.5546875 0.0171875 0.06640625
5 0.465625 0.55703125 0.01640625 0.07109375
5 0.37578125 0.50546875 0.0140625 0.06328125
5 0.23359375 0.51328125 0.021875 0.06328125
5 0.2640625 0.53359375 0.02109375 0.06171875
5 0.31484375 0.5375 0.02109375 0.04765625
5 0.284375 0.57109375 0.02109375 0.06484375
5 0.2421875 0.60390625 0.01875 0.08203125
5 0.24609375 0.63515625 0.021875 0.06640625
5 0.42265625 0.66796875 0.0390625 0.04921875
5 0.39765625 0.625 0.0296875 0.05859375
5 0.35390625 0.64296875 0.02890625 0.06640625
5 0.34375 0.6203125 0.02109375 0.04296875
5 0.3640625 0.6046875 0.028125 0.03984375
5 0.33671875 0.60234375 0.025 0.0265625
5 0.35390625 0.5671875 0.01875 0.05078125
5 0.33671875 0.57421875 0.0203125 0.03671875
5 0.31484375 0.6015625 0.02421875 0.05546875
5 0.2984375 0.58515625 0.02421875 0.06171875
3 0.14921875 0.8109375 0.04609375 0.05078125
6 0.3859375 0.771875 0.04453125 0.04921875
5 0.58515625 0.73671875 0.0421875 0.03828125
5 0.734523090625 0.689814815625 0.741467534375 0.7083333328125 0.7640369796875001 0.7268518515625 0.781398090625 0.719135803125 0.7518842015625 0.685185184375 0.734523090625 0.689814815625