5 0.21953125 0.51015625 0.03125 0.11875
5 0.26328125 0.515625 0.0265625 0.1234375
5 0.42421875 0.29765625 0.021875 0.1046875
5 0.4703125 0.3359375 0.0234375 0.1
5 0.790625 0.359375 0.02265625 0.1015625
5 0.75625 0.3296875 0.02265625 0.1
5 0.70078125 0.23125 0.02265625 0.08984375
5 0.61640625 0.21640625 0.021875 0.08046875
5 0.5484375 0.265625 0.0328125 0.1140625
5 0.553125 0.37109375 0.02109375 0.109375
5 0.58046875 0.36484375 0.028125 0.08203125
5 0.63125 0.384375 0.0296875 0.07734375
5 0.60625 0.38828125 0.03671875 0.04453125
5 0.665625 0.3984375 0.0265625 0.07421875
5 0.65546875 0.340625 0.028125 0.06640625
5 0.62109375 0.31015625 0.021875 0.0953125
5 0.5109375 0.325 0.02109375 0.103125
5 0.52578125 0.34921875 0.021875 0.109375
5 0.809375 0.15078125 0.01796875 0.08203125
5 0.7171875 0.14921875 0.025 0.07265625
0 0.5765625 0.62578125 0.05703125 0.0484375
1 0.87734375 0.746875 0.065625 0.06875