5 0.678125 0.70625 0.0234375 0.06953125
5 0.64921875 0.72265625 0.0296875 0.07265625
5 0.61640625 0.53125 0.01640625 0.05546875
5 0.3375 0.46953125 0.01640625 0.05703125
5 0.42265625 0.47734375 0.0203125 0.05390625
5 0.4125 0.5 0.01796875 0.03984375
5 0.4078125 0.52890625 0.01796875 0.06953125
5 0.41796875 0.54375 0.01484375 0.06015625
5 0.4296875 0.55703125 0.0171875 0.06796875
5 0.475 0.640625 0.0234375 0.07109375
5 0.3453125 0.5703125 0.0203125 0.06328125
5 0.309375 0.6015625 0.028125 0.07734375
5 0.2859375 0.6734375 0.01796875 0.07578125
5 0.278125 0.6421875 0.021875 0.08359375
5 0.2890625 0.5890625 0.028125 0.04765625
5 0.25546875 0.6171875 0.02421875 0.06796875
5 0.209375 0.609375 0.0359375 0.08046875
5 0.2484375 0.56796875 0.025 0.05859375
5 0.26875 0.565625 0.0171875 0.04765625
3 0.14609375 0.81171875 0.0421875 0.05859375
2 0.38125 0.765625 0.04765625 0.05234375
1 0.58203125 0.725 0.04609375 0.04609375
0 0.7450284093749999 0.6767676765624999 0.7315340906250001 0.6805555562500001 0.7663352265625 0.7108585859375001 0.7840909093749999 0.7045454546875 0.7450284093749999 0.6767676765624999