5 0.54609375 0.72734375 0.0140625 0.07265625
5 0.459375 0.78203125 0.028125 0.06796875
5 0.4484375 0.72578125 0.01875 0.04453125
5 0.18515625 0.790625 0.01875 0.08203125
5 0.225 0.7734375 0.02890625 0.05234375
5 0.29921875 0.721875 0.02421875 0.05234375
5 0.36171875 0.78046875 0.0203125 0.06328125
5 0.31953125 0.7234375 0.025 0.04609375
5 0.3328125 0.7296875 0.02265625 0.03984375
5 0.340625 0.73203125 0.0265625 0.03515625
5 0.35078125 0.74140625 0.03046875 0.0296875
5 0.3625 0.75 0.02890625 0.03125
5 0.37578125 0.77109375 0.025 0.05078125
5 0.41484375 0.7671875 0.0234375 0.03984375
5 0.4046875 0.75703125 0.02421875 0.03828125
5 0.39453125 0.7453125 0.0203125 0.03671875
5 0.384375 0.709375 0.0140625 0.06015625
5 0.36171875 0.69765625 0.01875 0.05859375
5 0.3515625 0.6921875 0.0140625 0.05390625
5 0.3375 0.69609375 0.01875 0.03125
5 0.32734375 0.6828125 0.01328125 0.0296875
1 0.4984375 0.8671875 0.0453125 0.04296875
2 0.29609375 0.925 0.04375 0.04765625
3 0.0319602265625 0.9760101015625 0.028409090625 0.9987373734375 0.07599431875 0.9987373734375 0.056107954687499996 0.9671717171875001 0.0319602265625 0.9760101015625
0 0.6605113640625 0.8005050499999999 0.6434659093749999 0.8093434343749999 0.6789772734375 0.8345959593750001 0.6974431812499999 0.8244949500000001 0.6605113640625 0.8005050499999999