5 0.43203125 0.62734375 0.02109375 0.06328125
5 0.390625 0.76953125 0.021875 0.0890625
5 0.37265625 0.66015625 0.0171875 0.0703125
5 0.26875 0.65546875 0.0171875 0.0625
5 0.19375 0.73046875 0.0234375 0.084375
5 0.246875 0.63203125 0.01640625 0.05703125
5 0.2234375 0.73515625 0.0234375 0.05625
5 0.17265625 0.69453125 0.01640625 0.0796875
5 0.2265625 0.68359375 0.01484375 0.07578125
5 0.2671875 0.721875 0.01640625 0.07890625
5 0.2484375 0.73828125 0.0296875 0.05078125
5 0.36328125 0.73359375 0.0171875 0.08671875
5 0.33203125 0.7078125 0.01640625 0.071875
5 0.39609375 0.65546875 0.01328125 0.07421875
5 0.284375 0.7234375 0.01875 0.0890625
5 0.31328125 0.68046875 0.01875 0.04765625
5 0.19296875 0.69375 0.0140625 0.06171875
5 0.3109375 0.73046875 0.0171875 0.08125
5 0.22890625 0.653125 0.0203125 0.0609375
5 0.353125 0.70234375 0.0171875 0.06171875
5 0.34140625 0.6890625 0.01484375 0.07265625
3 0.05390625 0.9578125 0.04765625 0.05390625
2 0.29921875 0.8859375 0.04765625 0.04609375
0 0.6626420453125 0.75757575625 0.6434659093749999 0.7664141421874999 0.6853693187500001 0.7916666671875 0.703125 0.78156565625 0.6626420453125 0.75757575625