5 0.5640625 0.6203125 0.01953125 0.06484375
5 0.5875 0.49140625 0.01875 0.0515625
5 0.38046875 0.49609375 0.01640625 0.065625
5 0.68671875 0.63671875 0.02890625 0.0625
5 0.48359375 0.5109375 0.01796875 0.0546875
5 0.434375 0.4390625 0.0140625 0.059375
5 0.65625 0.65078125 0.03046875 0.0546875
5 0.6640625 0.7375 0.02109375 0.07421875
5 0.77890625 0.7484375 0.02890625 0.07734375
5 0.53359375 0.56015625 0.01796875 0.0671875
5 0.584375 0.5578125 0.0296875 0.0375
5 0.7375 0.59296875 0.02109375 0.07578125
5 0.47578125 0.6390625 0.01875 0.0765625
5 0.665625 0.5765625 0.021875 0.05
5 0.54453125 0.45 0.01875 0.04609375
5 0.63515625 0.56640625 0.01875 0.05
5 0.60859375 0.584375 0.025 0.05078125
5 0.634375 0.62734375 0.03125 0.046875
5 0.65546875 0.60546875 0.02265625 0.03828125
5 0.653125 0.57734375 0.02109375 0.03671875
5 0.66796875 0.60234375 0.0296875 0.04375
4 0.2140625 0.7671875 0.0390625 0.05546875
3 0.47265625 0.77265625 0.04453125 0.05078125
2 0.7 0.7703125 0.040625 0.04921875
1 0.9495738640625 0.790404040625 0.9126420453125 0.75 0.8870738640625 0.7512626265625 0.8799715906250001 0.7512626265625 0.9105113640625 0.7916666671875 0.9495738640625 0.790404040625