5 0.71875 0.584375 0.01796875 0.0734375
5 0.58203125 0.7359375 0.0234375 0.08359375
5 0.40546875 0.509375 0.01484375 0.065625
5 0.5078125 0.5640625 0.0234375 0.075
5 0.65390625 0.78203125 0.0203125 0.09765625
5 0.5296875 0.52578125 0.0140625 0.0671875
5 0.49296875 0.47734375 0.0171875 0.05546875
5 0.6125 0.53671875 0.02109375 0.06640625
5 0.47421875 0.51953125 0.01796875 0.06015625
5 0.5671875 0.54296875 0.0171875 0.07265625
5 0.63828125 0.53515625 0.015625 0.06875
5 0.70078125 0.659375 0.03359375 0.0453125
5 0.525 0.47109375 0.015625 0.04921875
5 0.43046875 0.44921875 0.015625 0.04296875
5 0.65859375 0.64609375 0.03046875 0.03671875
5 0.50390625 0.43984375 0.0140625 0.03828125
5 0.5578125 0.50625 0.01484375 0.0546875
5 0.56484375 0.50234375 0.01640625 0.05390625
5 0.50625 0.4484375 0.0265625 0.0203125
5 0.56484375 0.478125 0.01796875 0.03984375
5 0.453125 0.421875 0.02109375 0.04765625
5 0.4640625 0.42109375 0.015625 0.04609375
4 0.221875 0.77890625 0.0421875 0.05703125
3 0.48203125 0.775 0.0421875 0.05546875
2 0.70859375 0.77109375 0.0453125 0.04765625
1 0.9247159093749999 0.7512626265625 0.8955965906250001 0.7487373734375 0.9169034093749999 0.790404040625 0.9609375 0.7891414140624999 0.9247159093749999 0.7512626265625