5 0.79765625 0.53046875 0.01796875 0.0734375
5 0.62578125 0.7109375 0.0234375 0.0828125
5 0.71328125 0.5375 0.02890625 0.059375
5 0.559375 0.58828125 0.02265625 0.06953125
5 0.678125 0.70546875 0.0265625 0.0890625
5 0.56328125 0.47578125 0.02421875 0.0515625
5 0.66484375 0.5390625 0.0265625 0.05859375
5 0.4109375 0.47109375 0.03359375 0.0546875
5 0.55078125 0.42265625 0.01328125 0.05078125
5 0.4921875 0.42265625 0.01484375 0.0453125
5 0.64375 0.4265625 0.0140625 0.0546875
5 0.6203125 0.515625 0.01796875 0.059375
5 0.634375 0.5296875 0.01640625 0.06015625
5 0.69921875 0.49453125 0.01328125 0.04375
5 0.66171875 0.4953125 0.0171875 0.0328125
5 0.63046875 0.48671875 0.01484375 0.02578125
5 0.6953125 0.54140625 0.01953125 0.0625
5 0.671875 0.52109375 0.01484375 0.05859375
5 0.68515625 0.5359375 0.01796875 0.05390625
5 0.68671875 0.49375 0.01015625 0.05703125
5 0.6453125 0.528125 0.01796875 0.06328125
3 0.16875 0.77890625 0.0421875 0.05390625
4 0.43671875 0.7765625 0.040625 0.04921875
3 0.68671875 0.76953125 0.05 0.05390625
2 0.92890625 0.76640625 0.04921875 0.04765625