5 0.85546875 0.584375 0.071875 0.16171875
5 0.8859375 0.50625 0.053125 0.1484375
5 0.759375 0.38359375 0.0484375 0.21171875
5 0.74140625 0.584375 0.07265625 0.18984375
5 0.559375 0.3765625 0.07890625 0.21328125
5 0.62734375 0.778125 0.07109375 0.21640625
5 0.6125 0.634375 0.04453125 0.1453125
5 0.62109375 0.5875 0.09296875 0.134375
5 0.63125 0.53125 0.05234375 0.121875
5 0.50546875 0.59375 0.06953125 0.16328125
5 0.40703125 0.6015625 0.0640625 0.19765625
5 0.33359375 0.6859375 0.07109375 0.18671875
5 0.31328125 0.415625 0.08046875 0.20859375
5 0.06640625 0.48671875 0.071875 0.18984375
5 0.13828125 0.21875 0.04921875 0.19453125
5 0.39765625 0.559375 0.05 0.134375