5 0.57265625 0.50390625 0.015625 0.07578125
5 0.38671875 0.6375 0.021875 0.08984375
5 0.2046875 0.63671875 0.03671875 0.07890625
5 0.47109375 0.44375 0.0171875 0.06640625
5 0.41875 0.39765625 0.0140625 0.05703125
5 0.4359375 0.4703125 0.01875 0.07109375
5 0.4125 0.5078125 0.02265625 0.05859375
5 0.37265625 0.40078125 0.02109375 0.06015625
5 0.24765625 0.4625 0.0140625 0.07890625
5 0.2578125 0.45390625 0.015625 0.05546875
5 0.26328125 0.5296875 0.02890625 0.07109375
5 0.3421875 0.5390625 0.02109375 0.07578125
5 0.3234375 0.53359375 0.0375 0.04609375
5 0.30078125 0.50390625 0.021875 0.06328125
5 0.31328125 0.478125 0.02265625 0.028125
5 0.35234375 0.49765625 0.025 0.03828125
5 0.371875 0.4625 0.02578125 0.03515625
5 0.38203125 0.45 0.01796875 0.04765625
5 0.334375 0.4265625 0.015625 0.04140625
5 0.3234375 0.47109375 0.01875 0.0296875
5 0.32890625 0.45859375 0.0171875 0.025
5 0.33046875 0.44765625 0.025 0.03125
3 0.4875 0.7234375 0.03671875 0.05234375
4 0.746875 0.7484375 0.040625 0.06171875
2 0.24375 0.70234375 0.04375 0.05859375
1 0.041903409375 0.665404040625 0.0014204546874999999 0.6578282828125 0 0.703282828125 0.008522728125 0.70580808125 0.041903409375 0.665404040625