5 0.296875 0.7515625 0.021875 0.09609375
5 0.184375 0.546875 0.01484375 0.0671875
5 0.484375 0.49921875 0.01484375 0.0671875
5 0.34765625 0.54765625 0.01640625 0.0875
5 0.3390625 0.75703125 0.034375 0.1
5 0.32265625 0.4734375 0.015625 0.0640625
5 0.35546875 0.91953125 0.034375 0.08203125
5 0.51875 0.5859375 0.025 0.0765625
5 0.50234375 0.80078125 0.02734375 0.09453125
5 0.2828125 0.50546875 0.0171875 0.0703125
5 0.31640625 0.825 0.02890625 0.09921875
5 0.25625 0.5515625 0.0171875 0.08203125
5 0.403125 0.52109375 0.01875 0.0625
5 0.403125 0.940625 0.0375 0.1046875
5 0.2015625 0.521875 0.01640625 0.071875
5 0.3078125 0.5203125 0.01640625 0.084375
5 0.31640625 0.53828125 0.01484375 0.08125
5 0.74296875 0.40625 0.0203125 0.0546875
5 0.75 0.40625 0.0109375 0.05234375
5 0.40625 0.4859375 0.015625 0.05234375
5 0.25546875 0.50390625 0.015625 0.03515625
5 0.19375 0.50234375 0.0140625 0.075
4 0.72890625 0.78359375 0.04140625 0.05859375
3 0.4703125 0.7609375 0.03828125 0.04296875
2 0.22109375 0.74296875 0.04140625 0.05078125