5 0.31640625 0.7921875 0.0359375 0.09375
5 0.6625 0.578125 0.0171875 0.07734375
5 0.58359375 0.65546875 0.01875 0.08828125
5 0.27890625 0.61953125 0.01953125 0.07421875
5 0.3921875 0.50859375 0.02109375 0.06484375
5 0.4578125 0.50859375 0.0171875 0.06640625
5 0.53125 0.46171875 0.01484375 0.065625
5 0.5171875 0.615625 0.0171875 0.09140625
5 0.4375 0.44921875 0.01328125 0.065625
5 0.48984375 0.759375 0.02109375 0.10078125
5 0.44453125 0.5953125 0.02578125 0.05625
5 0.44375 0.5546875 0.02109375 0.0390625
5 0.30859375 0.5890625 0.015625 0.08359375
5 0.375 0.65390625 0.02421875 0.0609375
5 0.4234375 0.65703125 0.0296875 0.0640625
5 0.40546875 0.60234375 0.0203125 0.0484375
5 0.37734375 0.6203125 0.025 0.03828125
5 0.3921875 0.55625 0.0234375 0.03359375
5 0.38828125 0.6078125 0.02265625 0.0453125
5 0.3921875 0.58203125 0.02578125 0.03515625
5 0.515625 0.56796875 0.015625 0.065625
5 0.43359375 0.6359375 0.02734375 0.04375
2 0.1234375 0.77578125 0.05234375 0.05078125
3 0.3796875 0.78125 0.0453125 0.05703125
4 0.63515625 0.7921875 0.034375 0.05390625
3 0.9015625 0.8078125 0.04609375 0.05078125