5 0.51875 0.71171875 0.02734375 0.103125
5 0.2671875 0.5640625 0.0171875 0.0921875
5 0.46875 0.7125 0.0203125 0.1078125
5 0.38359375 0.42578125 0.01953125 0.05625
5 0.52734375 0.4703125 0.01796875 0.0625
5 0.54609375 0.459375 0.01484375 0.06953125
5 0.45625 0.49375 0.01640625 0.06328125
5 0.49609375 0.51796875 0.01953125 0.07578125
5 0.42734375 0.5046875 0.01953125 0.06875
5 0.51328125 0.52578125 0.0234375 0.06875
5 0.3859375 0.54609375 0.0171875 0.06484375
5 0.39453125 0.47109375 0.01484375 0.06796875
5 0.42109375 0.5765625 0.03828125 0.05234375
5 0.409375 0.5359375 0.01875 0.071875
5 0.39921875 0.5046875 0.01484375 0.053125
5 0.41640625 0.484375 0.01171875 0.0390625
2 0.08515625 0.72890625 0.0421875 0.05078125
3 0.34375 0.7328125 0.03828125 0.04609375
4 0.6 0.73984375 0.04140625 0.05390625
3 0.8625 0.7453125 0.0453125 0.05546875