5 0.76171875 0.5671875 0.07734375 0.2453125
5 0.2953125 0.7421875 0.0484375 0.25625
5 0.26953125 0.65 0.084375 0.271875
5 0.57421875 0.5734375 0.06484375 0.2546875
5 0.50625 0.57109375 0.0578125 0.25
5 0.34921875 0.44453125 0.06328125 0.25
5 0.35078125 0.34375 0.05625 0.221875
5 0.6828125 0.4546875 0.0609375 0.2578125
5 0.5140625 0.43671875 0.06015625 0.16953125
5 0.47578125 0.4078125 0.071875 0.140625
5 0.4671875 0.38984375 0.06171875 0.2359375
5 0.5828125 0.50234375 0.046875 0.2421875
5 0.55625 0.4484375 0.034375 0.2453125
5 0.5921875 0.40546875 0.07265625 0.2265625
5 0.615625 0.38125 0.03671875 0.21015625