5 0.26640625 0.7015625 0.02109375 0.09140625
5 0.3109375 0.6484375 0.01640625 0.08984375
5 0.45390625 0.6578125 0.01796875 0.09140625
5 0.55 0.6140625 0.01640625 0.08984375
5 0.5765625 0.5734375 0.01484375 0.08203125
5 0.52421875 0.584375 0.01484375 0.08828125
5 0.5125 0.53515625 0.01328125 0.07421875
5 0.484375 0.56328125 0.01875 0.07734375
5 0.465625 0.5625 0.01640625 0.07890625
5 0.39765625 0.609375 0.02421875 0.08359375
5 0.425 0.5703125 0.0203125 0.07890625
5 0.43203125 0.54375 0.01796875 0.07890625
5 0.43203125 0.51328125 0.01875 0.04453125
5 0.3546875 0.58203125 0.02421875 0.08984375
5 0.36796875 0.57421875 0.02265625 0.05546875
5 0.38125 0.56328125 0.01875 0.04296875
5 0.36796875 0.53125 0.01328125 0.05703125
5 0.3640625 0.51171875 0.01640625 0.04140625
5 0.3296875 0.49296875 0.01640625 0.06953125
5 0.27421875 0.57421875 0.0203125 0.07734375
5 0.2859375 0.5453125 0.0140625 0.07890625
5 0.3015625 0.5015625 0.01484375 0.06796875
2 0.04140625 0.78828125 0.0453125 0.04921875
3 0.30234375 0.79453125 0.04453125 0.05234375
4 0.5609375 0.8 0.04140625 0.05703125
3 0.821875 0.81171875 0.04375 0.05234375